1 26.0
2 28.000000000000004
3 35.0
4 26.0
5 33.0
6 38.0
7 32.0
8 28.000000000000004
9 26.0
10 34.0
11 37.0
12 33.0
13 31.0
14 31.0
15 28.999999999999996
16 22.0
17 28.999999999999996
18 41.0
19 31.0
20 30.0
21 23.0
22 28.000000000000004
23 31.0
24 30.0
25 33.0
26 32.0
27 37.0
28 23.0
29 38.0
30 38.0
31 34.0
32 33.0
33 41.0
34 32.0
35 40.0
36 35.0
37 38.0
38 31.0
39 40.0
40 36.0
41 33.0
42 30.0
43 37.0
44 44.0
45 42.0
46 43.0
47 37.0
48 36.0
49 45.0
50 30.0
51 40.0
52 32.0
53 32.0
54 41.0
55 42.0
56 27.0
57 27.0
58 28.000000000000004
59 36.0
60 40.0
61 40.0
62 31.0
63 31.0
64 36.0
65 32.0
66 42.0
67 40.0
68 41.0
69 42.0
70 38.0
71 35.0
72 43.0
73 35.0
74 40.0
75 46.0
76 41.0
77 40.0
78 37.0
79 45.0
80 41.0
81 37.0
82 44.0
83 38.0
84 37.0
85 49.0
86 36.0
87 38.0
88 38.0
89 40.0
90 41.0
91 44.0
92 46.0
93 50.0
94 40.0
95 42.0
96 38.0
97 42.0
98 47.0
99 48.0
100 44.0
101 43.0
102 45.0
103 40.0
104 51.0
105 45.0
106 47.0
107 44.0
108 45.0
109 44.0
110 46.0
111 48.0
112 46.0
113 46.0
114 44.0
115 47.0
116 54.0
117 46.0
118 55.00000000000001
119 52.0
120 57.99999999999999
121 49.0
122 43.0
123 44.0
124 50.0
125 53.0
126 48.0
127 54.0
128 50.0
129 47.0
130 52.0
131 52.0
132 47.0
133 45.0
134 59.0
135 56.00000000000001
136 53.0
137 54.0
138 41.0
139 47.0
140 51.0
141 50.0
142 60.0
143 54.0
144 47.0
145 56.99999999999999
146 49.0
147 53.0
148 46.0
149 48.0
150 49.0
151 47.0
152 43.0
153 52.0
154 42.0
155 47.0
156 48.0
157 57.99999999999999
158 40.0
159 52.0
160 43.0
161 56.99999999999999
162 56.99999999999999
163 54.0
164 55.00000000000001
165 54.0
166 56.00000000000001
167 49.0
168 51.0
169 57.99999999999999
170 52.0
171 50.0
172 51.0
173 40.0
174 49.0
175 51.0
176 49.0
177 56.99999999999999
178 67.0
179 59.0
180 59.0
181 51.0
182 61.0
183 65.0
184 69.0
185 67.0
186 62.0
187 67.0
188 49.0
189 55.00000000000001
190 56.99999999999999
191 65.0
192 59.0
193 73.0
194 64.0
195 70.0
196 74.0
197 69.0
198 74.0
1 35.0
2 39.0
3 34.0
4 22.0
5 35.0
6 27.0
7 31.0
8 23.0
9 34.0
10 28.000000000000004
11 28.999999999999996
12 32.0
13 35.0
14 41.0
15 36.0
16 30.0
17 25.0
18 34.0
19 38.0
1 33.0
2 36.0
3 34.0
4 36.0
5 28.000000000000004
6 42.0
7 21.0
8 37.0
9 31.0
10 31.0
11 32.0
12 36.0
13 44.0
14 39.0
15 32.0
16 32.0
17 30.0
18 28.000000000000004
19 37.0
20 28.999999999999996
21 38.0
22 27.0
23 28.000000000000004
24 27.0
25 32.0
26 36.0
27 38.0
28 28.000000000000004
29 32.0
30 32.0
31 33.0
32 36.0
33 43.0
34 34.0
35 34.0
36 34.0
37 32.0
38 31.0
39 36.0
40 32.0
41 36.0
42 46.0
43 28.000000000000004
44 35.0
45 35.0
46 45.0
47 37.0
48 30.0
49 34.0
50 30.0
51 34.0
52 43.0
53 36.0
54 42.0
55 37.0
56 38.0
57 35.0
58 38.0
59 38.0
60 43.0
61 32.0
62 36.0
63 46.0
64 43.0
65 41.0
66 38.0
67 38.0
68 33.0
69 39.0
70 34.0
71 49.0
72 34.0
73 41.0
74 35.0
75 47.0
76 44.0
77 36.0
78 40.0
79 37.0
80 38.0
81 37.0
82 39.0
83 36.0
84 41.0
85 36.0
86 38.0
87 43.0
88 38.0
89 44.0
90 33.0
91 40.0
92 46.0
93 45.0
94 41.0
95 45.0
96 53.0
97 49.0
98 49.0
99 43.0
100 46.0
101 48.0
102 47.0
103 42.0
104 38.0
105 53.0
106 42.0
107 43.0
108 43.0
109 50.0
110 50.0
111 38.0
112 48.0
113 57.99999999999999
114 45.0
115 49.0
116 49.0
117 43.0
118 59.0
119 49.0
120 52.0
121 52.0
122 47.0
123 52.0
124 55.00000000000001
125 36.0
126 53.0
127 48.0
128 55.00000000000001
129 49.0
130 50.0
131 49.0
132 44.0
133 59.0
134 55.00000000000001
135 42.0
136 56.99999999999999
137 46.0
138 42.0
139 47.0
140 60.0
141 46.0
142 54.0
143 52.0
144 42.0
145 34.0
146 61.0
147 53.0
148 52.0
149 49.0
150 51.0
151 60.0
152 56.00000000000001
153 47.0
154 53.0
155 55.00000000000001
156 57.99999999999999
157 49.0
158 47.0
159 54.0
160 49.0
161 50.0
162 56.00000000000001
163 55.00000000000001
164 43.0
165 56.99999999999999
166 55.00000000000001
167 54.0
168 54.0
169 53.0
170 61.0
171 55.00000000000001
172 53.0
173 56.00000000000001
174 54.0
175 55.00000000000001
176 48.0
177 50.0
178 46.0
179 46.0
180 49.0
181 57.99999999999999
182 59.0
183 59.0
184 55.00000000000001
185 55.00000000000001
186 55.00000000000001
187 72.0
188 67.0
189 68.0
190 65.0
191 77.0
192 69.0
193 66.0
194 69.0
195 81.0
196 75.0
197 82.0
198 72.0
199 71.0
200 78.0
201 72.0
202 77.0
203 69.0
204 72.0
205 74.0
206 78.0
207 78.0
208 78.0
209 69.0
210 66.0
211 71.0
212 83.0
213 70.0
214 69.0
215 68.0
216 72.0
217 79.0
218 62.0
219 59.0
220 65.0
221 69.0
222 63.0
223 68.0
224 65.0
225 72.0
226 75.0
227 71.0
228 82.0
229 78.0
230 73.0
231 79.0
232 69.0
233 74.0
234 78.0
235 70.0
236 71.0
237 77.0
238 70.0
239 71.0
240 67.0
241 68.0
242 78.0
243 81.0
244 81.0
245 75.0
246 78.0
247 79.0
248 82.0
249 75.0
250 81.0
251 81.0
252 79.0
253 78.0
254 81.0
255 68.0
256 74.0
257 80.0
258 75.0
259 79.0
260 70.0
261 86.0
262 72.0
263 81.0
264 67.0
265 79.0
266 71.0
267 81.0
268 78.0
269 82.0
270 76.0
271 77.0
272 65.0
273 78.0
274 75.0
275 70.0
276 77.0
277 71.0
278 78.0
279 75.0
280 75.0
281 67.0
282 83.0
283 64.0
284 82.0
285 68.0
286 68.0
287 74.0
288 72.0
289 65.0
290 63.0
291 56.99999999999999
292 66.0
293 77.0
294 72.0
295 76.0
296 73.0
297 71.0
