-0.46954837066711164,0.8271873070523802,-2.2709946669571233,-10.595837510140905,-4.396473727398529,1.6631338480350888,-11.959005895108623,-0.39031068098865346,6.51137999424624,-1.1691174107892106,-0.21364697148245085,
-0.35685402646213327,-2.05677274358474,2.5971571139056957,0.8583356790335571,1.0373719604810867,-4.848945959183143,-0.03169523214692387,1.519411044522602,5.42236956363123,-0.989704442609577,-1.274877999835159,
0.42522456681910803,-0.11625308958381443,-0.05033747697005136,0.09665378669193019,0.11398316572877341,0.22272931621835734,0.014099397301423594,0.30929583103477487,-0.1786881580663048,-1.7285241277579189,-0.10875275202914268,
0.37887751255369173,-1.8987609281606346,0.28444244482167846,0.1958684197975818,0.19426764908646257,-0.16550137748765917,-0.03346329800834021,0.12683325446458424,0.2730842978665547,3.13932075892519,-0.016102055827568112,
-0.4784806762516438,0.5687849959996979,0.36461292223906966,-0.6397606942334121,-0.05259632110600935,1.857386937217792,0.10150844299095882,-2.680508440139677,0.03620771569026439,0.006155626443221345,-6.03075743952183,
0.12624767643316825,1.8707813781564457,-0.33056466432061166,0.2127730384025768,-0.17928097039410734,2.811412168230774,-0.01024212907052463,0.8987886858203354,1.4714202321149372,-3.8423113702315757,-0.39488110971269247,
-0.4878474190207496,-2.5676614925614105,0.19411869100458848,12.307801876657567,6.31701903083585,-4.408021852613625,-11.6366244688522,3.3686022076931303,-1.2326283506202604,-0.5856873539572452,-9.994936863944275,
-0.03695953157216292,0.30292027908502095,-0.4719959517621324,-0.3800935951165071,0.4508365480664257,-0.002853296985550813,0.11035447488582995,-0.47253526270673907,0.2621484868171359,-0.04362505727920862,-0.3443748708836948,
break
4.142423138540838,
-0.020582943127226402,
-0.3527881953927073,
-1.1446893505982756,
0.5313719709289039,
-0.09413032002514012,
3.5999357067124627,
0.3325525041080529,
0.39394525695878774,
0.05888013825786263,
-0.38484300676337185,

