0.2076363553065358
0.20073740968725862
0.19716137414287016
0.19485220337047604
0.1923963545439086
0.1876523202112058
0.15595272768185398
0.14474189239128024
0.14059729107756722
0.13488045237336485
0.12923170622989882
0.12511091418713383
0.12225041013994258
0.12006403198172075
0.11826871399695214
0.11679815673871302
0.11562407725517089
0.11467834934407951
0.11388298585879673
0.11318305917648225
0.11254929326888559
0.11196670877218479
0.11141994029534462
0.11088426264735067
0.11033075887588793
0.10974610662103507
0.10914294768163291
0.1085409724833102
0.10794884281710579
0.10736540235924434
0.10678741231605592
0.10621423988863497
0.10564818442341363
0.10509240512219321
0.10454880200570003
0.10401677039134108
0.10349341271220591
0.10297576417823054
0.10246334555372524
0.10195833025719332
0.10146337030570939
0.1009792334115467
0.10050388211417417
0.10003374224336932
0.09956660785734116
